0 0.4325217072860055 0.0052173913043478265 0.43078257685122284 0.029565217391304348 0.47947822902513587 0.03826086956521739 0.45165214206861415 0.05391304347826087 0.45165214206861415 0.0817391304347826 0.425565185546875 0.11130434782608696 0.4325217072860055 0.13043478260869565 0.39426083772078807 0.17043478260869566 0.39078257685122286 0.20869565217391306 0.36991301163383156 0.24000000000000002 0.3594782290251359 0.2782608695652174 0.3473043159816576 0.3026086956521739 0.3264347507642663 0.31478260869565217 0.3194782290251359 0.3773913043478261 0.30034779424252717 0.3947826086956522 0.3438260551120924 0.4434782608695652 0.33339127250339673 0.4765217391304348 0.3194782290251359 0.46956521739130436 0.2881738811990489 0.4643478260869565 0.24121735945991848 0.4643478260869565 0.22904344641644023 0.48347826086956525 0.20295648989470108 0.48695652173913045 0.20121735945991848 0.4991304347826087 0.20643475076426632 0.5147826086956522 0.22730431598165762 0.5339130434782609 0.23078257685122283 0.5808695652173913 0.25339127250339677 0.6139130434782609 0.2707825768512228 0.6347826086956522 0.27252170728600544 0.6573913043478261 0.23773909859035328 0.6434782608695653 0.1838260551120924 0.6365217391304349 0.09513040293817936 0.6347826086956522 0.04817388119904892 0.6382608695652174 0.08817388119904891 0.6782608695652174 0.11773909859035327 0.7252173913043478 0.12121735945991849 0.7617391304347826 0.17513040293817936 0.8417391304347827 0.256869533372962 0.893913043478261 0.3473043159816576 0.9269565217391305 0.4238260551120924 0.9078260869565218 0.4881738811990489 0.9008695652173914 0.514260837720788 0.9495652173913044 0.5612173594599185 0.9495652173913044 0.5525217072860055 0.9217391304347826 0.576869533372962 0.9078260869565218 0.5716521420686141 0.9008695652173914 0.5473043159816576 0.893913043478261 0.5386086638077446 0.8486956521739131 0.5420869246773098 0.7982608695652175 0.5577390985903533 0.7669565217391304 0.6342608377207881 0.7913043478260869 0.7333912725033968 0.7686956521739131 0.8116521420686141 0.7130434782608696 0.865565185546875 0.6330434782608696 0.8829564898947011 0.5165217391304348 0.9090434464164403 0.45217391304347826 0.9107825768512229 0.4156521739130435 0.8499130116338316 0.40347826086956523 0.8151304029381794 0.3165217391304348 0.7820869246773098 0.2747826086956522 0.7786086638077446 0.23304347826086957 0.7038260551120924 0.16869565217391305 0.6203477942425272 0.09565217391304348 0.5559999681555706 0.05391304347826087 0.5264347507642664 0.03826086956521739 0.4846956203294837 0.020869565217391306
1 0.4673043159816576 0.0991304347826087 0.4499130116338315 0.10434782608695653 0.43773909859035326 0.1547826086956522 0.45165214206861415 0.17217391304347826 0.43773909859035326 0.16521739130434784 0.43078257685122284 0.1791304347826087 0.41165214206861417 0.18782608695652175 0.40643475076426633 0.20521739130434782 0.3873043159816576 0.2191304347826087 0.39426083772078807 0.17043478260869566 0.43078257685122284 0.13391304347826088 0.425565185546875 0.10956521739130436 0.44469562032948373 0.10434782608695653 0.4533912725033968 0.10434782608695653
1 0.4290434464164402 0.2747826086956522 0.3664347507642663 0.28 0.3612173594599185 0.2643478260869565 0.37513040293817934 0.22434782608695653 0.3873043159816576 0.24173913043478262 0.3977390985903533 0.2539130434782609
1 0.5194782290251359 0.4382608695652174 0.49339127250339676 0.44173913043478263 0.49339127250339676 0.4643478260869565 0.5473043159816576 0.4678260869565218
1 0.6759999681555707 0.7617391304347826 0.7229564898947011 0.7495652173913043 0.7629564898947011 0.7130434782608696 0.808173881199049 0.702608695652174 0.8116521420686141 0.7165217391304348 0.768173881199049 0.7443478260869566 0.7316521420686142 0.7669565217391304 0.6829564898947011 0.7791304347826087
1 0.38904344641644023 0.6956521739130435 0.38904344641644023 0.72 0.4186086638077446 0.7043478260869566
1 0.3507825768512228 0.3773913043478261 0.3473043159816576 0.40695652173913044 0.3629564898947011 0.44173913043478263 0.33513040293817936 0.4365217391304348 0.3020869246773098 0.4017391304347826 0.3194782290251359 0.3739130434782609
1 0.41165214206861417 0.6278260869565218 0.385565185546875 0.6226086956521739 0.3803477942425272 0.6486956521739131 0.45165214206861415 0.6382608695652174
1 0.3246956203294837 0.6991304347826087 0.29339127250339675 0.7043478260869566 0.30730431598165764 0.7252173913043478
1 0.376869533372962 0.7895652173913044 0.34904344641644025 0.808695652173913 0.3820869246773098 0.8104347826086957
1 0.23252170728600544 0.5026086956521739 0.2446956203294837 0.5495652173913044 0.24643475076426632 0.5495652173913044 0.27252170728600544 0.5669565217391305 0.2916521420686141 0.6104347826086957 0.3473043159816576 0.6034782608695652 0.336869533372962 0.6382608695652174 0.2707825768512228 0.6365217391304349 0.24121735945991848 0.5930434782608696 0.23078257685122283 0.5791304347826087 0.2238260551120924 0.5321739130434783 0.20121735945991848 0.5078260869565218 0.20295648989470108 0.4817391304347826 0.22730431598165762 0.48695652173913045
