0 0.4812173594599185 0.017391304347826087 0.41686953337296195 0.019130434782608695 0.39078257685122286 0.019130434782608695 0.37165214206861413 0.020869565217391306 0.3473043159816576 0.052173913043478265 0.3264347507642663 0.05739130434782609 0.3125217072860054 0.07478260869565218 0.3159999681555707 0.09217391304347826 0.2846956203294837 0.12347826086956522 0.2673043159816576 0.14608695652173914 0.24991301163383153 0.1565217391304348 0.2638260551120924 0.18434782608695652 0.2429564898947011 0.1982608695652174 0.23252170728600544 0.21565217391304348 0.24991301163383153 0.22956521739130437 0.23773909859035328 0.24521739130434783 0.2603477942425272 0.2747826086956522 0.24121735945991848 0.2747826086956522 0.24121735945991848 0.2956521739130435 0.25513040293817935 0.30434782608695654 0.24817388119904893 0.3234782608695652 0.2638260551120924 0.34608695652173915 0.22904344641644023 0.3582608695652174 0.19773909859035327 0.3582608695652174 0.1820869246773098 0.37043478260869567 0.17513040293817936 0.4156521739130435 0.17686953337296196 0.44869565217391305 0.1612173594599185 0.4573913043478261 0.17339127250339675 0.4973913043478261 0.20121735945991848 0.5356521739130435 0.2238260551120924 0.5495652173913044 0.20643475076426632 0.56 0.20817388119904892 0.5947826086956522 0.19426083772078806 0.6086956521739131 0.1838260551120924 0.6 0.1646956203294837 0.5982608695652174 0.15426083772078805 0.6330434782608696 0.11426083772078804 0.711304347826087 0.15773909859035326 0.7426086956521739 0.18730431598165762 0.7634782608695653 0.2238260551120924 0.782608695652174 0.256869533372962 0.7878260869565218 0.22904344641644023 0.8052173913043479 0.18730431598165762 0.7982608695652175 0.1664347507642663 0.7791304347826087 0.18730431598165762 0.7721739130434783 0.15426083772078805 0.7634782608695653 0.1264347507642663 0.7617391304347826 0.08643475076426631 0.76 0.053391272503396744 0.7756521739130435 0.04121735945991848 0.7982608695652175 0.044695620329483696 0.8330434782608696 0.08991301163383153 0.8782608695652174 0.11947822902513587 0.88 0.13165214206861414 0.9095652173913044 0.13165214206861414 0.9095652173913044 0.1838260551120924 0.9269565217391305 0.185565185546875 0.9269565217391305 0.22208692467730978 0.9339130434782609 0.3020869246773098 0.9565217391304348 0.3612173594599185 0.9634782608695652 0.47947822902513587 0.9721739130434783 0.5559999681555706 0.9582608695652174 0.5681738811990489 0.9321739130434783 0.6829564898947011 0.9669565217391305 0.7194782290251359 0.9634782608695652 0.6707825768512229 0.9321739130434783 0.6133912725033968 0.9078260869565218 0.5786086638077446 0.8765217391304349 0.545565185546875 0.8469565217391305 0.6307825768512229 0.8678260869565217 0.7386086638077446 0.8469565217391305 0.816869533372962 0.7947826086956522 0.8586086638077446 0.7565217391304349 0.8899130116338315 0.6817391304347826 0.8986086638077446 0.6434782608695653 0.8620869246773099 0.6382608695652174 0.8203477942425272 0.6295652173913043 0.816869533372962 0.6156521739130435 0.8499130116338316 0.591304347826087 0.8499130116338316 0.5443478260869565 0.8220869246773098 0.5460869565217391 0.8099130116338316 0.511304347826087 0.794260837720788 0.4852173913043478 0.7646956203294837 0.48347826086956525 0.745565185546875 0.47304347826086957 0.745565185546875 0.4330434782608696 0.7507825768512228 0.40695652173913044 0.7420869246773099 0.38608695652173913 0.7438260551120924 0.3652173913043478 0.7159999681555707 0.36 0.7159999681555707 0.36 0.7159999681555707 0.3304347826086957 0.7159999681555707 0.32869565217391306 0.6916521420686141 0.32 0.6829564898947011 0.24521739130434783 0.6429564898947011 0.23130434782608697 0.6464347507642664 0.19304347826086957 0.616869533372962 0.17043478260869566 0.5733912725033967 0.1356521739130435 0.545565185546875 0.0782608695652174 0.5073043159816576 0.04695652173913044
1 0.47947822902513587 0.05739130434782609 0.4394782290251359 0.052173913043478265 0.37513040293817934 0.052173913043478265 0.3594782290251359 0.04 0.3681738811990489 0.029565217391304348 0.4829564898947011 0.01391304347826087 0.5107825768512229 0.050434782608695654
1 0.38904344641644023 0.4747826086956522 0.35426083772078804 0.48347826086956525 0.34904344641644025 0.5008695652173913 0.3629564898947011 0.5269565217391304 0.4029564898947011 0.5078260869565218
1 0.22208692467730978 0.6278260869565218 0.21339127250339673 0.6539130434782608 0.17339127250339675 0.6782608695652174 0.17339127250339675 0.6782608695652174 0.11947822902513587 0.7078260869565217 0.1612173594599185 0.6086956521739131 0.185565185546875 0.6052173913043478
1 0.5925217072860055 0.17043478260869566 0.5820869246773098 0.1965217391304348 0.6133912725033968 0.20695652173913046 0.6464347507642664 0.2 0.6116521420686142 0.17043478260869566
1 0.616869533372962 0.24869565217391304 0.6499130116338315 0.271304347826087 0.6603477942425272 0.30086956521739133 0.6864347507642663 0.3165217391304348 0.6829564898947011 0.24695652173913044 0.6464347507642664 0.22956521739130437
1 0.3299130116338315 0.8660869565217392 0.33513040293817936 0.9008695652173914 0.37165214206861413 0.8973913043478261 0.3577390985903533 0.8556521739130435
1 0.3594782290251359 0.2191304347826087 0.3438260551120924 0.24695652173913044 0.3786086638077446 0.24695652173913044 0.3786086638077446 0.23304347826086957
1 0.5490434464164402 0.5565217391304348 0.5229564898947011 0.5408695652173914 0.5003477942425272 0.5669565217391305 0.528173881199049 0.5860869565217391 0.5403477942425272 0.56 0.5403477942425272 0.56
1 0.41686953337296195 0.6486956521739131 0.43078257685122284 0.6765217391304348 0.3994782290251359 0.6921739130434783 0.3977390985903533 0.711304347826087 0.4238260551120924 0.7356521739130435 0.46556518554687504 0.7426086956521739 0.4029564898947011 0.76 0.3820869246773098 0.7356521739130435 0.3577390985903533 0.7060869565217391 0.345565185546875 0.6660869565217391 0.3612173594599185 0.6539130434782608 0.3873043159816576 0.6539130434782608 0.39252170728600544 0.6521739130434783
1 0.8325217072860055 0.6573913043478261 0.8690434464164403 0.6556521739130435 0.8638260551120924 0.6921739130434783 0.8551304029381794 0.72 0.8342608377207881 0.7008695652173913 0.8273043159816577 0.6782608695652174 0.7994782290251359 0.6852173913043479 0.816869533372962 0.7182608695652174 0.8238260551120924 0.7443478260869566 0.7994782290251359 0.76 0.7507825768512228 0.8069565217391305 0.5977390985903532 0.8295652173913044 0.5212173594599185 0.808695652173913 0.49339127250339676 0.8243478260869566 0.5438260551120924 0.8765217391304349 0.5507825768512229 0.8452173913043478 0.625565185546875 0.8660869565217392 0.7507825768512228 0.8434782608695652 0.8586086638077446 0.7617391304347826 0.8968695333729619 0.6504347826086957 0.8203477942425272 0.6278260869565218
1 0.08991301163383153 0.7878260869565218 0.05513040293817935 0.8173913043478261 0.04121735945991848 0.8017391304347826 0.053391272503396744 0.782608695652174
1 0.20817388119904892 0.8173913043478261 0.256869533372962 0.7895652173913044 0.20817388119904892 0.7686956521739131 0.15947822902513586 0.7756521739130435 0.18034779424252717 0.7930434782608696
