0 0.46556518554687504 0.9304347826086957 0.43426083772078805 0.9617391304347827 0.4742608377207881 0.9739130434782609 0.5977390985903532 0.9878260869565217 0.7386086638077446 0.9721739130434783 0.8412173594599185 0.9252173913043479 0.8412173594599185 0.9252173913043479 0.8551304029381794 0.9043478260869565 0.936869533372962 0.8243478260869566 0.9212173594599186 0.8104347826086957 0.9420869246773098 0.7617391304347826 0.9351304029381794 0.6834782608695652 0.8968695333729619 0.6226086956521739 0.8377390985903533 0.6156521739130435 0.7925217072860055 0.6243478260869565 0.7612173594599185 0.6521739130434783 0.808173881199049 0.5739130434782609 0.8290434464164402 0.5321739130434783 0.8290434464164402 0.5321739130434783 0.8220869246773098 0.5182608695652174 0.7820869246773098 0.5078260869565218 0.8064347507642663 0.44869565217391305 0.8255651855468751 0.3930434782608696 0.808173881199049 0.3721739130434783 0.7559999681555707 0.36 0.7577390985903533 0.26608695652173914 0.7507825768512228 0.2539130434782609 0.7507825768512228 0.2539130434782609 0.745565185546875 0.21217391304347827 0.7177390985903533 0.19478260869565217 0.7020869246773098 0.12869565217391304 0.688173881199049 0.06956521739130435 0.674260837720788 0.06782608695652174 0.6551304029381794 0.0 0.4081738811990489 0.0 0.3438260551120924 0.03826086956521739 0.31426083772078806 0.05391304347826087 0.2986086638077446 0.09565217391304348 0.24991301163383153 0.1426086956521739 0.19947822902513587 0.20521739130434782 0.16991301163383152 0.2573913043478261 0.15426083772078805 0.26782608695652177 0.1612173594599185 0.32 0.15078257685122284 0.3617391304347826 0.11078257685122284 0.37043478260869567 0.10556518554687501 0.4330434782608696 0.09339127250339674 0.5095652173913043 0.12121735945991849 0.6017391304347827 0.1420869246773098 0.6504347826086957 0.08643475076426631 0.6782608695652174 0.08643475076426631 0.6782608695652174 0.044695620329483696 0.7060869565217391 0.04121735945991848 0.76 0.07773909859035326 0.8173913043478261 0.07773909859035326 0.831304347826087 0.09165214206861413 0.8573913043478261 0.15773909859035326 0.88 0.19426083772078806 0.9165217391304348 0.29339127250339675 0.9234782608695653 0.3820869246773098 0.9339130434782609
1 0.5699130116338316 0.11826086956521739 0.5229564898947011 0.12173913043478261 0.5003477942425272 0.1565217391304348 0.6046956203294838 0.14956521739130435
1 0.7229564898947011 0.22434782608695653 0.7299130116338316 0.2643478260869565 0.7438260551120924 0.32173913043478264 0.7525217072860054 0.26782608695652177 0.7438260551120924 0.21391304347826087
1 0.1438260551120924 0.671304347826087 0.07078257685122283 0.6921739130434783 0.04991301163383152 0.711304347826087 0.04817388119904892 0.7652173913043478 0.07078257685122283 0.8104347826086957 0.08991301163383153 0.8486956521739131 0.09165214206861413 0.8139130434782609 0.12991301163383154 0.8 0.13686953337296195 0.7652173913043478 0.0846956203294837 0.7756521739130435 0.09513040293817936 0.711304347826087
1 0.785565185546875 0.5252173913043479 0.8099130116338316 0.5339130434782609 0.7664347507642664 0.6017391304347827 0.7038260551120924 0.6226086956521739 0.7507825768512228 0.6504347826086957 0.7959999681555707 0.5843478260869566 0.7959999681555707 0.5843478260869566 0.8290434464164402 0.528695652173913 0.785565185546875 0.511304347826087
1 0.5212173594599185 0.6573913043478261 0.40991301163383154 0.6730434782608696 0.4238260551120924 0.7756521739130435 0.3646956203294837 0.8 0.37165214206861413 0.8243478260869566 0.3994782290251359 0.8243478260869566 0.43078257685122284 0.8452173913043478 0.45165214206861415 0.88 0.39426083772078807 0.9252173913043479 0.4742608377207881 0.9217391304347826 0.4742608377207881 0.9217391304347826 0.44121735945991847 0.9600000000000001 0.44121735945991847 0.9600000000000001 0.49686953337296197 0.9756521739130435 0.5316521420686141 0.9721739130434783 0.5333912725033968 0.9234782608695653 0.5403477942425272 0.8660869565217392 0.5751304029381794 0.8556521739130435 0.554260837720788 0.8243478260869566 0.5333912725033968 0.8173913043478261 0.5351304029381794 0.76 0.5386086638077446 0.68
1 0.46904344641644025 0.1791304347826087 0.43773909859035326 0.1773913043478261 0.41686953337296195 0.22434782608695653 0.4499130116338315 0.24173913043478262 0.42730431598165763 0.3269565217391304 0.4742608377207881 0.31478260869565217 0.49339127250339676 0.23304347826086957 0.4638260551120924 0.22086956521739132
1 0.4029564898947011 0.3965217391304348 0.39599996815557065 0.44173913043478263 0.4394782290251359 0.44 0.4429564898947011 0.40869565217391307
1 0.44121735945991847 0.4886956521739131 0.39252170728600544 0.4678260869565218 0.35599996815557067 0.4956521739130435 0.35426083772078804 0.5478260869565218 0.3612173594599185 0.5547826086956522 0.3873043159816576 0.568695652173913 0.38904344641644023 0.568695652173913 0.3977390985903533 0.5808695652173913 0.41165214206861417 0.5843478260869566 0.4707825768512228 0.5826086956521739 0.4846956203294837 0.5739130434782609 0.5246956203294837 0.5356521739130435 0.5351304029381794 0.5182608695652174 0.536869533372962 0.49043478260869566 0.5299130116338315 0.4852173913043478 0.5333912725033968 0.4504347826086957 0.528173881199049 0.43130434782608695 0.5090434464164403 0.40695652173913044 0.4846956203294837 0.42782608695652175 0.4777390985903533 0.44 0.46556518554687504 0.4747826086956522 0.44469562032948373 0.5008695652173913 0.44469562032948373 0.5043478260869565
1 0.23078257685122283 0.3982608695652174 0.19426083772078806 0.3791304347826087 0.17686953337296196 0.3965217391304348 0.21339127250339673 0.4469565217391305 0.24817388119904893 0.42782608695652175
1 0.32817388119904894 0.3652173913043478 0.2829564898947011 0.40347826086956523 0.3194782290251359 0.4 0.3420869246773098 0.3756521739130435
1 0.8829564898947011 0.8173913043478261 0.8307825768512228 0.8695652173913044 0.8359999681555706 0.8921739130434783 0.7629564898947011 0.9373913043478261 0.7629564898947011 0.9582608695652174 0.8342608377207881 0.928695652173913 0.856869533372962 0.9043478260869565 0.9386086638077445 0.8208695652173913
