0 0.3577390985903533 0.2518260789954144 0.3629564898947011 0.21878260073454484 0.36991301163383156 0.19269564421280572 0.39426083772078807 0.18052173116932746 0.425565185546875 0.1718260789954144 0.4603477942425272 0.14399999203889266 0.4881738811990489 0.1300869485606318 0.5699130116338316 0.1266086876910666 0.7594782290251358 0.032695644212805706 0.8620869246773099 0.020521731169327446 0.8673043159816577 0.06921738334324049 0.8603477942425272 0.09530433986497962 0.865565185546875 0.11617390508237092 0.8742608377207881 0.1492173833432405 0.8620869246773099 0.18226086160411006 0.8725217072860054 0.20139129638671877 0.8429564898947011 0.22747825290845788 0.8516521420686142 0.2570434702997622 0.8846956203294837 0.2605217311693275 0.9090434464164403 0.2709565137780231 0.9038260551120925 0.3126956442128057 0.8899130116338315 0.3457391224736753 0.8725217072860054 0.364869557256284 0.8551304029381794 0.3857391224736753 0.8690434464164403 0.4100869485606318 0.9090434464164403 0.41356520943019703 0.9073043159816576 0.4900869485606318 0.8899130116338315 0.5057391224736753 0.9003477942425272 0.5266086876910666 0.8499130116338316 0.5753043398649796 0.8499130116338316 0.5909565137780232 0.8968695333729619 0.6100869485606318 0.9073043159816576 0.6570434702997623 0.9107825768512229 0.6987826007345449 0.8933912725033968 0.7231304268215014 0.905565185546875 0.7561739050823709 0.9490434464164402 0.7631304268215013 0.9229564898947011 0.8257391224736753 0.8916521420686142 0.8622608616041101 0.8133912725033968 0.8953043398649797 0.7229564898947011 0.9231304268215014 0.656869533372962 0.9179130355171535 0.6342608377207881 0.924869557256284 0.6499130116338315 0.9439999920388927 0.6464347507642664 0.9666086876910666 0.6116521420686142 0.9770434702997622 0.5838260551120924 0.94226086160411 0.5577390985903533 0.9057391224736753 0.514260837720788 0.8883478181258492 0.4603477942425272 0.8866086876910666 0.37513040293817934 0.907478252908458 0.2986086638077446 0.9126956442128057 0.20643475076426632 0.8883478181258492 0.15078257685122284 0.8813912963867188 0.11773909859035327 0.8500869485606318 0.10208692467730979 0.8135652094301971 0.10208692467730979 0.8135652094301971 0.11773909859035327 0.7874782529084579 0.13513040293817935 0.7561739050823709 0.17339127250339675 0.7300869485606318 0.21686953337296197 0.7370434702997622 0.21513040293817937 0.7196521659519362 0.1664347507642663 0.7126956442128057 0.1246956203294837 0.6726956442128057 0.09513040293817936 0.6518260789954144 0.09860866380774456 0.604869557256284 0.10382605511209239 0.5805217311693275 0.18034779424252717 0.5613912963867188 0.22730431598165762 0.5735652094301971 0.21513040293817937 0.5283478181258492 0.18730431598165762 0.4953043398649796 0.17513040293817936 0.4744347746475883 0.20121735945991848 0.4274782529084579 0.21165214206861413 0.3874782529084579 0.22904344641644023 0.3666086876910666 0.256869533372962 0.3526956442128057 0.24643475076426632 0.31965216595193613 0.24991301163383153 0.2883478181258492 0.2707825768512228 0.2605217311693275 0.30382605511209243 0.2483478181258492
1 0.3803477942425272 0.21356520943019702 0.4029564898947011 0.21704347029976223 0.4220869246773098 0.20660868769106658 0.4359999681555707 0.18573912247367527 0.4186086638077446 0.1718260789954144 0.3977390985903533 0.17878260073454486 0.37339127250339677 0.19443477464758832 0.376869533372962 0.22226086160411007
1 0.8325217072860055 0.06573912247367528 0.8203477942425272 0.08313042682150136 0.8325217072860055 0.11617390508237092 0.8620869246773099 0.11791303551715354 0.8551304029381794 0.09530433986497962 0.8638260551120924 0.07443477464758831
1 0.8725217072860054 0.4292173833432405 0.8759999681555707 0.45182607899541444 0.8916521420686142 0.46573912247367527 0.8968695333729619 0.4883478181258492 0.9038260551120925 0.4692173833432405 0.905565185546875 0.44139129638671876 0.905565185546875 0.4153043398649796
1 0.4620869246773098 0.8587826007345448 0.4986086638077446 0.8553043398649797 0.5073043159816576 0.8170434702997622 0.49165214206861413 0.7839999920388927 0.47947822902513587 0.7979130355171535 0.4673043159816576 0.8205217311693275
1 0.40991301163383154 0.796173905082371 0.44817388119904894 0.7822608616041101 0.46556518554687504 0.7613912963867188 0.44469562032948373 0.7457391224736754 0.40991301163383154 0.7700869485606319
1 0.8707825768512228 0.7283478181258493 0.8846956203294837 0.7283478181258493 0.8933912725033968 0.7196521659519362 0.9073043159816576 0.70226086160411 0.8846956203294837 0.7005217311693275 0.8777390985903533 0.7126956442128057 0.8620869246773099 0.7318260789954144
1 0.9159999681555707 0.7996521659519362 0.9177390985903533 0.7874782529084579 0.9316521420686141 0.7874782529084579 0.9246956203294837 0.8031304268215014
1 0.7403477942425272 0.23791303551715354 0.7699130116338315 0.23617390508237093 0.8099130116338316 0.2518260789954144 0.8481738811990489 0.25530433986497963 0.8377390985903533 0.2309565137780231 0.8116521420686141 0.21356520943019702 0.7786086638077446 0.22052173116932747
1 0.6307825768512229 0.8257391224736753 0.6499130116338315 0.844869557256284 0.6725217072860055 0.8274782529084579 0.6673043159816576 0.8031304268215014 0.6464347507642664 0.7926956442128057 0.6273043159816576 0.8066086876910666
1 0.4707825768512228 0.6900869485606318 0.5073043159816576 0.6970434702997622 0.5351304029381794 0.6935652094301971 0.5299130116338315 0.6587826007345449 0.5107825768512229 0.6570434702997623 0.4846956203294837 0.6692173833432405
